zoologicoarchaeologist zoogeologist
0 1 2 3 4 5 6 7 8 9 10 11 12 
1 0 1 2 3 4 5 6 7 8 9 10 11 
2 1 0 1 2 3 4 5 6 7 8 9 10 
3 2 1 0 1 2 3 4 5 6 7 8 9 
4 3 2 1 1 2 3 3 4 5 6 7 8 
5 4 3 2 2 2 2 3 3 4 5 6 7 
6 5 4 3 2 3 3 3 4 3 4 5 6 
7 6 5 4 3 3 4 4 4 4 3 4 5 
8 7 6 5 4 4 4 5 5 5 4 4 5 
9 8 7 6 5 5 4 5 5 6 5 5 5 
10 9 8 7 6 6 5 5 6 6 6 6 6 
11 10 9 8 7 7 6 6 6 7 7 7 7 
12 11 10 9 8 8 7 7 7 7 8 8 8 
13 12 11 10 9 9 8 8 8 8 8 9 9 
14 13 12 11 10 10 9 9 9 9 9 9 10 
15 14 13 12 11 10 10 10 10 10 10 10 10 
16 15 14 13 12 11 10 11 10 11 11 11 11 
17 16 15 14 13 12 11 10 11 11 12 12 12 
18 17 16 15 14 13 12 11 10 11 12 13 13 
19 18 17 16 15 14 13 12 11 10 11 12 13 
20 19 18 17 16 15 14 13 12 11 10 11 12 
21 20 19 18 17 16 15 14 13 12 11 10 11 
22 21 20 19 18 17 16 15 14 13 12 11 10 
